Batch,Loss,Accuracy
0,0.70131,0.308826
1,0.734291,0.307911
2,0.697355,0.309647
3,0.693592,0.310709
4,0.693558,0.31257
5,0.691536,0.312158
6,0.6915,0.312809
7,0.691056,0.312138
8,0.690788,0.312153
9,0.690851,0.312949
10,0.689849,0.312888
11,0.689736,0.313221
12,0.689661,0.313762
13,0.689019,0.313977
14,0.688774,0.314442
15,0.688345,0.314996
16,0.687649,0.315193
17,0.687582,0.315631
18,0.687179,0.31597
19,0.686366,0.316223
20,0.686064,0.316812
21,0.685395,0.317309
22,0.684286,0.317401
23,0.68441,0.317734
24,0.684898,0.318342
25,0.683733,0.319003
26,0.682594,0.319583
27,0.681753,0.320117
28,0.681577,0.320658
29,0.681901,0.321525
30,0.679289,0.321882
31,0.677356,0.322163
32,0.676579,0.32263
33,0.677908,0.323112
34,0.676736,0.323418
35,0.677259,0.324026
36,0.67272,0.324126
37,0.673993,0.324626
38,0.673414,0.325139
39,0.672958,0.325774
40,0.671561,0.326381
41,0.671728,0.326902
42,0.668727,0.327448
43,0.671842,0.328065
44,0.672478,0.328743
45,0.668174,0.32912
46,0.66827,0.329646
47,0.666385,0.330252
48,0.668051,0.330987
49,0.664733,0.33169
50,0.662316,0.332162
51,0.660677,0.332547
52,0.659693,0.332932
53,0.660201,0.333488
54,0.658986,0.334104
55,0.660076,0.33468
56,0.658921,0.335365
57,0.654786,0.335913
58,0.651038,0.336275
59,0.658813,0.336694
60,0.649818,0.33731
61,0.650833,0.3379
62,0.650361,0.338497
63,0.645646,0.339005
64,0.643052,0.339451
65,0.642402,0.339861
66,0.647099,0.340495
67,0.644846,0.341228
68,0.642251,0.341788
69,0.641504,0.342521
70,0.63991,0.342921
71,0.641085,0.343394
72,0.63645,0.344079
73,0.630268,0.344187
74,0.635581,0.344726
75,0.630939,0.345483
76,0.631008,0.346146
77,0.631123,0.346858
78,0.628573,0.347501
79,0.627671,0.348209
80,0.627347,0.348799
81,0.619993,0.349431
82,0.619264,0.35011
83,0.617629,0.350778
84,0.615763,0.351393
85,0.607763,0.351965
86,0.610063,0.352509
87,0.612559,0.353184
88,0.612675,0.353878
89,0.606341,0.354488
90,0.604516,0.355152
91,0.602134,0.355822
92,0.599155,0.35653
93,0.60114,0.357249
94,0.59678,0.358022
95,0.598551,0.358735
96,0.591514,0.359506
97,0.591051,0.36024
98,0.586864,0.361129
99,0.590641,0.36182
100,0.583793,0.362482
101,0.593901,0.363311
102,0.586078,0.36412
103,0.580489,0.364983
104,0.583873,0.365792
105,0.5801,0.366615
106,0.575842,0.367326
107,0.574387,0.368148
108,0.571221,0.369024
109,0.580293,0.369876
110,0.551542,0.370022
111,0.577715,0.370835
112,0.558393,0.371746
113,0.565806,0.372435
114,0.556735,0.373218
115,0.554775,0.373985
116,0.561529,0.374925
117,0.552713,0.375651
118,0.552853,0.376564
119,0.538207,0.377525
120,0.543997,0.378386
121,0.544286,0.379128
122,0.538091,0.379948
123,0.535335,0.380691
124,0.540471,0.381431
125,0.528516,0.382317
126,0.54347,0.383139
127,0.531179,0.384064
128,0.521335,0.384891
129,0.514915,0.385704
130,0.507637,0.386585
131,0.516387,0.387396
132,0.511913,0.388251
133,0.502298,0.38912
134,0.500825,0.389997
135,0.507871,0.390756
136,0.495583,0.391457
137,0.493126,0.392242
138,0.498147,0.393119
139,0.501538,0.393986
140,0.490947,0.394761
141,0.489727,0.395613
142,0.489483,0.396456
143,0.475087,0.397364
144,0.479977,0.398204
145,0.470341,0.399084
146,0.4737,0.39996
147,0.463253,0.40009
148,0.469217,0.401005
149,0.47305,0.401897
150,0.45683,0.402731
151,0.462985,0.403566
152,0.465965,0.40435
153,0.449971,0.405256
154,0.461471,0.406056
155,0.433987,0.406948
156,0.43224,0.407757
157,0.444629,0.408589
158,0.429742,0.409439
159,0.446573,0.410214
160,0.439774,0.410994
161,0.430296,0.411859
162,0.42704,0.412617
163,0.450965,0.413492
164,0.439051,0.4144
165,0.437699,0.415168
166,0.424629,0.415894
167,0.428053,0.416738
168,0.429558,0.41753
169,0.413886,0.418359
170,0.40129,0.419121
171,0.414018,0.419895
172,0.414032,0.420795
173,0.40534,0.421736
174,0.399188,0.422609
175,0.403863,0.423534
176,0.402995,0.42445
177,0.397075,0.425253
178,0.415076,0.426274
179,0.38473,0.427185
180,0.387229,0.428063
181,0.389401,0.428966
182,0.393015,0.429943
183,0.398064,0.430875
184,0.359688,0.431011
185,0.39442,0.431961
186,0.399345,0.432707
187,0.356995,0.433533
188,0.356165,0.434339
189,0.38245,0.435133
190,0.374169,0.435839
191,0.375499,0.436703
192,0.34536,0.437648
193,0.370948,0.438453
194,0.35679,0.439266
195,0.365373,0.440024
196,0.345733,0.440871
197,0.367285,0.441689
198,0.350269,0.442446
199,0.335889,0.443258
200,0.355062,0.44409
201,0.349429,0.444884
202,0.326526,0.44564
203,0.334512,0.446436
204,0.362566,0.447194
205,0.332123,0.448046
206,0.340777,0.448923
207,0.336882,0.449796
208,0.334448,0.450487
209,0.309692,0.451296
210,0.318211,0.452022
211,0.323816,0.452803
212,0.322185,0.453608
213,0.319787,0.454484
214,0.332363,0.455289
215,0.324713,0.456129
216,0.315993,0.45696
217,0.308086,0.457656
218,0.29934,0.458437
219,0.320098,0.459248
220,0.297163,0.460027
221,0.250321,0.460164
222,0.28554,0.460982
223,0.288448,0.461908
224,0.307461,0.462624
225,0.305238,0.463409
226,0.321758,0.464187
227,0.282368,0.464936
228,0.286202,0.465789
229,0.283032,0.46659
230,0.284406,0.467429
231,0.261916,0.468314
232,0.30815,0.469056
233,0.294905,0.469898
234,0.246874,0.47074
235,0.267082,0.471565
236,0.267187,0.472395
237,0.260871,0.4732
238,0.265585,0.474004
239,0.269782,0.474744
240,0.291892,0.475557
241,0.266292,0.476401
242,0.25388,0.477177
243,0.259666,0.478051
244,0.258278,0.478884
245,0.245627,0.479696
246,0.242109,0.480428
247,0.236893,0.481192
248,0.234844,0.482057
249,0.23353,0.482833
250,0.245203,0.483602
251,0.247118,0.484354
252,0.234469,0.485085
253,0.262542,0.485813
254,0.230369,0.486589
255,0.258614,0.487314
256,0.234894,0.48817
257,0.218387,0.489034
258,0.326643,0.489111
259,0.242564,0.489846
260,0.219318,0.490572
261,0.208692,0.49136
262,0.247886,0.492158
263,0.203999,0.492937
264,0.212684,0.493746
265,0.321433,0.494443
266,0.231668,0.495072
267,0.236227,0.495788
268,0.240196,0.49654
269,0.251225,0.497334
270,0.225896,0.498034
271,0.218142,0.498756
272,0.210998,0.499449
273,0.212114,0.500114
274,0.227207,0.500849
275,0.24878,0.501643
276,0.279304,0.502304
277,0.222548,0.503058
278,0.199756,0.503798
279,0.223197,0.504475
280,0.234798,0.505188
281,0.195071,0.505883
282,0.211451,0.506618
283,0.200781,0.507308
284,0.195139,0.507982
285,0.203319,0.508734
286,0.212369,0.509405
287,0.216398,0.510178
288,0.182425,0.510975
289,0.214572,0.511714
290,0.208057,0.512519
291,0.196951,0.513298
292,0.21003,0.514049
293,0.192935,0.51479
294,0.182955,0.51553
295,0.203757,0.515613
296,0.228526,0.516299
297,0.181519,0.517049
298,0.181129,0.517741
299,0.19537,0.518411
300,0.176789,0.519131
301,0.203345,0.519825
302,0.181805,0.520495
303,0.172608,0.521173
304,0.165599,0.521936
305,0.169318,0.522642
306,0.195725,0.523371
307,0.174895,0.524042
308,0.150999,0.524727
309,0.192233,0.525415
310,0.180017,0.526137
311,0.163961,0.526827
312,0.166391,0.527498
313,0.154438,0.528258
314,0.167565,0.528906
315,0.215831,0.529561
316,0.158043,0.530317
317,0.167702,0.531104
318,0.170739,0.531851
319,0.174582,0.532531
320,0.160394,0.533187
321,0.150002,0.533806
322,0.180761,0.534472
323,0.137925,0.535184
324,0.159663,0.535928
325,0.14943,0.536549
326,0.149676,0.537219
327,0.146927,0.537951
328,0.137271,0.538652
329,0.13864,0.539402
330,0.142777,0.540162
331,0.151526,0.54089
332,0.13857,0.540966
333,0.154054,0.541684
334,0.136228,0.542349
335,0.154421,0.543016
336,0.133066,0.543673
337,0.144512,0.544353
338,0.143449,0.545062
339,0.141277,0.545843
340,0.142538,0.546502
341,0.111071,0.547146
342,0.143076,0.547808
343,0.123783,0.548476
344,0.150982,0.549069
345,0.182035,0.549714
346,0.150801,0.550422
347,0.131769,0.551075
348,0.119629,0.551706
349,0.16918,0.552331
350,0.132277,0.553009
351,0.158782,0.553726
352,0.13277,0.554368
353,0.113573,0.555005
354,0.123696,0.555635
355,0.128914,0.556251
356,0.142343,0.556882
357,0.14557,0.557547
358,0.108151,0.558217
359,0.108388,0.5589
360,0.128289,0.559506
361,0.121289,0.560158
362,0.116491,0.560786
363,0.130156,0.561359
364,0.117912,0.562007
365,0.120215,0.562649
366,0.11641,0.563279
367,0.117614,0.563854
368,0.109986,0.564451
369,0.0741731,0.56453
370,0.153757,0.565162
371,0.121435,0.565796
372,0.120733,0.566366
373,0.102152,0.566956
374,0.107715,0.567597
375,0.0762201,0.568199
376,0.102244,0.568766
377,0.128316,0.56936
378,0.126541,0.569969
379,0.120709,0.570555
380,0.108801,0.571162
381,0.117667,0.57178
382,0.137438,0.572419
383,0.115851,0.572971
384,0.0988242,0.573555
385,0.108616,0.574156
386,0.113928,0.574771
387,0.128669,0.575361
388,0.123932,0.575913
389,0.109206,0.576513
390,0.129821,0.57711
391,0.107836,0.577707
392,0.103592,0.578289
393,0.122896,0.57895
394,0.109869,0.579556
395,0.136096,0.580106
396,0.12318,0.58064
397,0.140591,0.581206
398,0.119273,0.58175
399,0.106973,0.58226
400,0.159307,0.582805
401,0.100144,0.583332
402,0.113533,0.583865
403,0.102574,0.58445
404,0.107115,0.584994
405,0.102028,0.585559
406,0.120915,0.585628
407,0.103481,0.58617
408,0.106527,0.586687
409,0.100924,0.587216
410,0.116392,0.587709
411,0.0956622,0.588231
412,0.109085,0.588741
413,0.0973699,0.589281
414,0.117924,0.589831
415,0.121233,0.590389
416,0.110371,0.590932
417,0.139743,0.591572
418,0.10162,0.592116
419,0.127246,0.592551
420,0.10734,0.593104
421,0.124203,0.593616
422,0.1148,0.594136
423,0.121023,0.594674
424,0.0848383,0.595185
425,0.085669,0.595676
426,0.124649,0.596197
427,0.0727077,0.596737
428,0.108769,0.59724
429,0.0866105,0.597761
430,0.0884366,0.598329
431,0.129487,0.598855
432,0.112102,0.599355
433,0.139599,0.599855
434,0.0890993,0.600414
435,0.104197,0.600922
436,0.128714,0.60137
437,0.091847,0.601826
438,0.10308,0.602271
439,0.131028,0.602783
440,0.115073,0.603297
441,0.0988819,0.603752
442,0.109529,0.60427
443,0.164055,0.604326
444,0.12207,0.604706
445,0.131069,0.60511
446,0.121766,0.605548
447,0.133401,0.605994
448,0.120914,0.606453
449,0.125212,0.606893
450,0.143087,0.607326
451,0.179863,0.607777
452,0.125633,0.608185
453,0.137357,0.608658
454,0.127346,0.609082
455,0.13328,0.609541
456,0.101947,0.609975
457,0.159989,0.610356
458,0.147018,0.610782
459,0.115377,0.611235
460,0.112026,0.61172
461,0.136774,0.612174
462,0.109852,0.612608
463,0.131775,0.613107
464,0.130232,0.613543
465,0.119911,0.613943
466,0.152348,0.614425
467,0.111339,0.61486
468,0.13126,0.615295
469,0.102278,0.61575
470,0.115085,0.616195
471,0.107833,0.616639
472,0.0991751,0.617059
473,0.12848,0.617529
474,0.0916032,0.617963
475,0.0863421,0.618404
476,0.0850933,0.618839
477,0.103991,0.619214
478,0.0925679,0.619632
479,0.111657,0.620056
480,0.116079,0.620103
481,0.0919617,0.620508
482,0.0854452,0.620958
483,0.104935,0.621372
484,0.130313,0.62182
485,0.107819,0.622251
486,0.0851862,0.622634
487,0.0783831,0.623072
488,0.083784,0.623494
489,0.111956,0.623896
490,0.117043,0.624343
491,0.0940691,0.624764
492,0.123172,0.625232
493,0.106387,0.625685
494,0.0914226,0.626135
495,0.0968433,0.626568
496,0.101378,0.626973
497,0.0922648,0.627376
498,0.0909571,0.627766
499,0.0901213,0.628172
500,0.077402,0.628588
501,0.106986,0.629045
502,0.102028,0.629446
503,0.0990962,0.629853
504,0.0980429,0.630267
505,0.0839937,0.630616
506,0.106449,0.631037
507,0.097076,0.631454
508,0.0967223,0.631861
509,0.0783693,0.632261
510,0.114059,0.632676
511,0.0989529,0.633072
512,0.0937512,0.63346
513,0.116089,0.63383
514,0.0742265,0.634192
515,0.0859684,0.634624
516,0.104165,0.635014
517,0.0886264,0.635051
518,0.105742,0.635435
519,0.0901951,0.635847
520,0.100147,0.636225
521,0.0820462,0.636605
522,0.0842048,0.636994
523,0.0914594,0.637332
524,0.0948358,0.637706
525,0.0825635,0.638133
526,0.0959575,0.638545
527,0.0799751,0.638961
528,0.081409,0.639324
529,0.0676057,0.63969
530,0.0995795,0.640083
531,0.0920267,0.640499
532,0.10319,0.640884
533,0.101653,0.641256
534,0.0965578,0.641623
535,0.0937045,0.642021
536,0.0952496,0.642387
537,0.106389,0.642763
538,0.0853956,0.643135
539,0.0981027,0.643513
540,0.0782043,0.643886
541,0.107062,0.644272
542,0.0804088,0.644659
543,0.0654014,0.645016
544,0.071585,0.645383
545,0.0759636,0.645782
546,0.080972,0.646181
547,0.0646621,0.646549
548,0.0983004,0.64694
549,0.0850808,0.647308
550,0.0846189,0.647645
551,0.092306,0.648002
552,0.0938659,0.648355
553,0.0682506,0.648689
554,0.0774719,0.648746
555,0.0854726,0.649098
556,0.0807731,0.649475
557,0.0923077,0.649834
558,0.0945649,0.650141
559,0.103133,0.650501
560,0.115503,0.650835
561,0.100987,0.651165
562,0.0895892,0.651536
563,0.102126,0.651873
564,0.0968987,0.652202
565,0.100936,0.652529
566,0.100589,0.652872
567,0.0659636,0.653252
568,0.0761766,0.653633
569,0.0977433,0.653979
570,0.0904645,0.654293
571,0.081925,0.654666
572,0.098064,0.655006
573,0.0699746,0.655301
574,0.111205,0.655663
575,0.0932783,0.655973
576,0.0883855,0.656315
577,0.0787842,0.656642
578,0.069139,0.657011
579,0.0660531,0.657345
580,0.0793602,0.657691
581,0.0964327,0.658048
582,0.0877748,0.658402
583,0.096768,0.658726
584,0.097962,0.659072
585,0.0840503,0.65941
586,0.0792444,0.659764
587,0.0855969,0.660067
588,0.0801938,0.660421
589,0.110042,0.660724
590,0.0681491,0.661054
591,0.108233,0.66109
592,0.0654006,0.661483
593,0.0800359,0.661811
594,0.0897609,0.66212
595,0.0976507,0.662431
596,0.0829303,0.662763
597,0.0959428,0.66312
598,0.067723,0.663414
599,0.0798756,0.663736
600,0.0979572,0.664088
601,0.0742714,0.664411
602,0.0637059,0.664701
603,0.0662867,0.665012
604,0.0608086,0.665303
605,0.0969251,0.665599
606,0.0778756,0.665915
607,0.0953247,0.666278
608,0.0739297,0.666615
609,0.0742445,0.666926
610,0.0793649,0.667198
611,0.084054,0.667501
612,0.0690113,0.667807
613,0.062212,0.668103
614,0.0920169,0.668422
615,0.082177,0.668752
616,0.0714852,0.669102
617,0.0617698,0.669424
618,0.089248,0.669695
619,0.105023,0.670047
620,0.086163,0.67038
621,0.0631793,0.670729
622,0.0798624,0.671
623,0.107813,0.671286
624,0.0619215,0.671579
625,0.0781604,0.671878
626,0.0747416,0.672189
627,0.0689181,0.672481
628,0.0443215,0.672519
629,0.0813514,0.672828
630,0.075983,0.673112
631,0.0832897,0.673386
632,0.0623955,0.673663
633,0.0745005,0.674
634,0.0673529,0.674303
635,0.0876108,0.674607
636,0.0609805,0.674941
637,0.0765062,0.675248
638,0.102128,0.675586
639,0.0757143,0.675903
640,0.0713054,0.676172
641,0.0585114,0.676431
642,0.059853,0.676768
643,0.0722223,0.67709
644,0.0639474,0.677398
645,0.0764948,0.677702
646,0.0745513,0.678019
647,0.0593658,0.678318
648,0.0772325,0.678571
649,0.066918,0.678887
650,0.0536647,0.679169
651,0.0745089,0.679463
652,0.079223,0.679737
653,0.0818784,0.679977
654,0.0543767,0.68025
655,0.0724327,0.680518
656,0.0792889,0.680786
657,0.0646166,0.681093
658,0.0862842,0.681379
659,0.0944617,0.681672
660,0.076112,0.681966
661,0.063316,0.682263
662,0.0769952,0.682545
663,0.064659,0.682827
664,0.0735123,0.683098
665,0.0726105,0.68313
666,0.0715449,0.683426
667,0.0595398,0.683713
668,0.0809079,0.683992
669,0.0700134,0.684252
670,0.0822459,0.684528
671,0.0728259,0.684799
672,0.0654945,0.685037
673,0.0850192,0.685323
674,0.0944036,0.685631
675,0.0693977,0.685937
676,0.0793793,0.686196
677,0.0672197,0.686458
678,0.0624269,0.686711
679,0.0752722,0.687015
680,0.0560732,0.687298
681,0.0690658,0.687565
682,0.0665384,0.687848
683,0.0792841,0.68814
684,0.0605759,0.688405
685,0.0658235,0.68869
686,0.0733188,0.688976
687,0.0588608,0.689212
688,0.0586149,0.689496
689,0.0582489,0.689748
690,0.0769409,0.690021
691,0.0709213,0.690311
692,0.0677714,0.690569
693,0.0708939,0.690845
694,0.0558066,0.691102
695,0.0702072,0.691363
696,0.0603694,0.69164
697,0.0752705,0.691914
698,0.0663557,0.692138
699,0.0604899,0.692408
700,0.0611968,0.692674
701,0.0814185,0.692916
702,0.0548718,0.692947
703,0.0668403,0.693229
704,0.0637745,0.69348
705,0.0583899,0.693746
706,0.0779912,0.69399
707,0.071712,0.694243
708,0.0614165,0.6945
709,0.0705801,0.694755
710,0.0904537,0.695038
711,0.0753902,0.695292
712,0.0804432,0.695586
713,0.06593,0.695829
714,0.0761735,0.696095
715,0.0677661,0.696359
716,0.0674294,0.696605
717,0.0603868,0.696889
718,0.0716533,0.697151
719,0.0702591,0.697396
720,0.0634177,0.697675
721,0.0685358,0.697906
722,0.0685646,0.698156
723,0.0715678,0.698384
724,0.0501257,0.698635
725,0.0726802,0.698875
726,0.0777329,0.699129
727,0.0793465,0.699376
728,0.062537,0.69962
729,0.0618207,0.699868
730,0.0555868,0.700112
731,0.0577485,0.700349
732,0.0662953,0.700579
733,0.0571579,0.70087
734,0.0523566,0.701082
735,0.0552186,0.70134
736,0.0557773,0.701587
737,0.0643444,0.701817
738,0.0573604,0.702069
739,0.0423315,0.7021
740,0.0447368,0.702314
741,0.0533703,0.702566
742,0.066239,0.702807
743,0.0803753,0.703078
744,0.0735502,0.703321
745,0.059042,0.703534
746,0.0646479,0.703789
747,0.0719416,0.70404
748,0.0558701,0.704306
749,0.0793428,0.704523
750,0.0556226,0.704769
751,0.0520154,0.70499
752,0.0428909,0.705205
753,0.0510899,0.70543
754,0.0573274,0.705645
755,0.0677662,0.705909
756,0.0710024,0.70613
757,0.0729081,0.706385
758,0.0686501,0.706642
759,0.0611095,0.706901
760,0.0739249,0.707142
761,0.0736893,0.70739
762,0.0659826,0.707608
763,0.063257,0.707813
764,0.0533451,0.70804
765,0.0588072,0.708257
766,0.0809044,0.708493
767,0.0724818,0.708712
768,0.0453534,0.708951
769,0.0632387,0.709208
770,0.067791,0.709449
771,0.0751873,0.709662
772,0.0617617,0.709892
773,0.0652842,0.710145
774,0.0413749,0.710381
775,0.0608727,0.710615
776,0.0863718,0.71065
777,0.0554541,0.710889
778,0.0702324,0.711133
779,0.0580261,0.711377
780,0.0662351,0.711588
781,0.0633221,0.711811
782,0.0569778,0.712042
783,0.0584831,0.712295
784,0.0606875,0.712544
785,0.0690456,0.712787
786,0.0552146,0.713001
787,0.0584083,0.713202
788,0.0637672,0.713405
789,0.0742985,0.713644
790,0.0509599,0.713859
791,0.0492822,0.71406
792,0.0678367,0.714301
793,0.055931,0.71452
794,0.0621223,0.714727
795,0.0524396,0.714928
796,0.0562567,0.715132
797,0.0511015,0.715344
798,0.0731262,0.715572
799,0.0655452,0.715789
800,0.0652157,0.715992
801,0.056404,0.716218
802,0.0567638,0.716446
803,0.055193,0.716671
804,0.0612531,0.716897
805,0.0468304,0.717121
806,0.0517687,0.71732
807,0.0542762,0.717562
808,0.0512706,0.717774
809,0.0654718,0.718003
810,0.0638623,0.71822
811,0.0581573,0.718404
812,0.0604517,0.718641
813,0.0827093,0.718668
814,0.0595745,0.718893
815,0.0532802,0.719135
816,0.0686837,0.719367
817,0.0549963,0.71959
818,0.0480219,0.719794
819,0.0648739,0.719987
820,0.0538828,0.720214
821,0.0528292,0.720416
822,0.069211,0.720639
823,0.0430761,0.720846
824,0.0526752,0.721062
825,0.0521822,0.721258
826,0.0514515,0.72147
827,0.0543154,0.721704
828,0.0573128,0.721919
829,0.0507976,0.722105
830,0.0578515,0.722315
831,0.0714218,0.722527
832,0.0642495,0.722725
833,0.0604216,0.72292
834,0.0683771,0.723144
835,0.050751,0.723337
836,0.0734683,0.723524
837,0.0539083,0.723741
838,0.0598373,0.723943
839,0.0453216,0.724157
840,0.0603753,0.724366
841,0.05952,0.724567
842,0.0476873,0.72479
843,0.0527504,0.72496
844,0.0594858,0.725165
845,0.0676913,0.72539
846,0.0622346,0.725582
847,0.0439461,0.725767
848,0.0552741,0.725962
849,0.0582058,0.726149
850,0.0742622,0.726184
851,0.0559266,0.726404
852,0.048185,0.726609
853,0.0494524,0.726819
854,0.0566725,0.727027
855,0.0571574,0.727212
856,0.0635297,0.727389
857,0.059325,0.727599
858,0.0451368,0.727787
859,0.058072,0.727993
860,0.0575902,0.728186
861,0.0540647,0.728401
862,0.0635615,0.728593
863,0.0623722,0.72881
864,0.0567651,0.729015
865,0.050794,0.729212
866,0.054953,0.729394
867,0.0542055,0.729602
868,0.0391366,0.729769
869,0.0759514,0.72998
870,0.0419703,0.73018
871,0.0438432,0.730378
872,0.0576982,0.730558
873,0.0533658,0.730745
874,0.0518974,0.730951
875,0.0731112,0.731156
876,0.0748063,0.731355
877,0.0503504,0.731545
878,0.0543109,0.731744
879,0.0550191,0.73192
880,0.0636615,0.732123
881,0.042849,0.732301
882,0.0441052,0.732484
883,0.0560946,0.732654
884,0.0505602,0.732842
885,0.0517324,0.733031
886,0.057672,0.73323
887,0.0687844,0.733255
888,0.0537742,0.733429
889,0.0508428,0.733612
890,0.0540358,0.733812
891,0.0455434,0.733994
892,0.0581161,0.734187
893,0.0682226,0.734367
894,0.0693152,0.734561
895,0.0520205,0.734746
896,0.056985,0.734929
897,0.0675124,0.73511
898,0.0584741,0.735308
899,0.0602259,0.735481
900,0.0581414,0.735666
901,0.0509658,0.73585
902,0.0466932,0.736017
903,0.0512256,0.736171
904,0.0553731,0.736328
905,0.069971,0.7365
906,0.0541729,0.736653
907,0.0572391,0.736834
908,0.0651258,0.737004
909,0.0767216,0.737195
910,0.0641677,0.737381
911,0.0459454,0.737548
912,0.0685489,0.737742
913,0.0644609,0.737927
914,0.0569958,0.738094
915,0.0469597,0.738282
916,0.0880801,0.738453
917,0.074076,0.738642
918,0.0517811,0.738819
919,0.0652551,0.738997
920,0.073533,0.739188
921,0.0597615,0.739358
922,0.0832533,0.739529
923,0.0416189,0.739741
924,0.105143,0.739761
925,0.0586579,0.739942
926,0.0708333,0.740123
927,0.067622,0.740296
928,0.0520359,0.740442
929,0.0599698,0.740591
930,0.0853653,0.740752
931,0.0484554,0.740924
932,0.062741,0.741094
933,0.0700723,0.741259
934,0.0682957,0.741423
935,0.0717573,0.74158
936,0.0937367,0.741726
937,0.0719634,0.741889
938,0.071819,0.742076
939,0.0731145,0.742237
940,0.0642441,0.742411
941,0.067141,0.742593
942,0.0774379,0.742749
943,0.0573231,0.742906
944,0.0566687,0.743086
945,0.0741174,0.743261
946,0.0641529,0.743438
947,0.342424,0.743555
948,0.0850834,0.743679
949,0.174633,0.743781
950,0.106968,0.743908
951,0.150582,0.744005
952,0.13932,0.744131
953,0.144427,0.744247
954,0.122244,0.744363
955,0.129534,0.744491
956,0.0932089,0.744614
957,0.0921596,0.744746
958,0.158768,0.744872
959,0.0658684,0.745031
960,0.0983429,0.745168
961,0.123455,0.745183
962,0.236204,0.745313
963,0.110715,0.745461
964,0.12755,0.745558
965,0.0990456,0.745688
966,0.134921,0.745786
967,0.114261,0.745881
968,0.0962882,0.745999
969,0.115871,0.746094
970,0.194794,0.746152
971,0.108695,0.74625
972,0.133522,0.746369
973,0.133488,0.746473
974,0.111841,0.746607
975,0.111509,0.74673
976,0.0885988,0.746852
977,0.103186,0.746982
978,0.120463,0.747108
979,0.115647,0.747221
980,0.139558,0.747326
981,0.0961595,0.74744
982,0.108248,0.747564
983,0.107747,0.747692
984,0.133412,0.747812
985,0.0853177,0.747962
986,0.0877134,0.748098
987,0.124845,0.748226
988,0.0931603,0.748361
989,0.101273,0.748479
990,0.0978076,0.748627
991,0.0781522,0.748793
992,0.108605,0.748914
993,0.122482,0.749031
994,0.0755111,0.749174
995,0.076567,0.749305
996,0.0855451,0.749435
997,0.0646522,0.749587
998,0.0542617,0.749603
999,0.0837428,0.74973
1000,0.0886392,0.749872
1001,0.0908736,0.749999
1002,0.0696507,0.75014
1003,0.0823763,0.75029
1004,0.0825898,0.750433
1005,0.0575997,0.75058
1006,0.0743025,0.750727
1007,0.0890111,0.750847
1008,0.0670102,0.750981
1009,0.0768732,0.751117
1010,0.0709102,0.751255
1011,0.0614636,0.751408
1012,0.0663771,0.751546
1013,0.0880678,0.75169
1014,0.0635782,0.75182
1015,0.0625449,0.751955
1016,0.0902828,0.752076
1017,0.0802929,0.752206
1018,0.066538,0.752367
1019,0.0738016,0.752517
1020,0.0713282,0.752654
1021,0.0851767,0.752784
1022,0.1017,0.752917
1023,0.0623235,0.753076
1024,0.0660371,0.753201
1025,0.0537971,0.753344
1026,0.0734155,0.753486
1027,0.0819335,0.753636
1028,0.0591941,0.753773
1029,0.0914444,0.753901
1030,0.0652966,0.754046
1031,0.0582288,0.754182
1032,0.0556774,0.754325
1033,0.0631468,0.75446
1034,0.0902545,0.75461
1035,0.0421133,0.75463
1036,0.0615324,0.75478
1037,0.0673307,0.754917
1038,0.063131,0.755066
1039,0.064052,0.755197
1040,0.0581657,0.755356
1041,0.0670865,0.755492
1042,0.0729099,0.75562
1043,0.0655298,0.755758
1044,0.0538421,0.755908
1045,0.0511044,0.756061
1046,0.0592535,0.756192
1047,0.0790298,0.756324
1048,0.0751263,0.756446
1049,0.0570945,0.756594
1050,0.0614864,0.756722
1051,0.0694342,0.756858
1052,0.0693467,0.757004
1053,0.0608511,0.757145
1054,0.047972,0.757288
1055,0.0637766,0.757415
1056,0.0643472,0.757559
1057,0.0620057,0.7577
1058,0.0466464,0.757824
1059,0.0739858,0.757958
1060,0.0655656,0.758093
1061,0.0588986,0.758238
1062,0.0544076,0.758367
1063,0.0555764,0.758487
1064,0.0486985,0.758639
1065,0.062798,0.758803
1066,0.0619497,0.758943
1067,0.0602706,0.759068
1068,0.0755519,0.759212
1069,0.0652625,0.759357
1070,0.052939,0.759497
1071,0.0777414,0.759619
1072,0.106272,0.759641
1073,0.0589285,0.759794
1074,0.0569763,0.759931
1075,0.0674693,0.760081
1076,0.0590082,0.760216
1077,0.0531847,0.760356
1078,0.0782355,0.760478
1079,0.0613067,0.760622
1080,0.0699502,0.760774
1081,0.045448,0.760907
1082,0.0489295,0.761039
1083,0.052703,0.761151
1084,0.0454311,0.761272
1085,0.054178,0.761409
1086,0.0431333,0.761542
1087,0.0521471,0.761677
1088,0.062862,0.761823
1089,0.0503074,0.761984
1090,0.0504658,0.762121
1091,0.0625281,0.76226
1092,0.0402947,0.762397
1093,0.056822,0.762532
1094,0.0673722,0.762669
1095,0.0497419,0.762788
1096,0.0644099,0.76293
1097,0.0639338,0.763062
1098,0.0533765,0.763203
1099,0.0660937,0.763339
1100,0.0438409,0.763468
1101,0.0548601,0.763604
1102,0.0689853,0.763746
1103,0.0497493,0.763876
1104,0.0378558,0.763999
1105,0.0611376,0.764127
1106,0.0625847,0.76425
1107,0.0617567,0.764375
1108,0.0646566,0.764492
1109,0.0802227,0.764508
1110,0.0410139,0.764635
1111,0.0602234,0.764765
1112,0.0505149,0.764894
1113,0.0568055,0.765051
1114,0.0614101,0.765182
1115,0.0612037,0.765317
1116,0.066667,0.765446
1117,0.0561171,0.765596
1118,0.0509882,0.76573
1119,0.0558098,0.765857
1120,0.0501074,0.765985
1121,0.0549993,0.76611
1122,0.071401,0.766244
1123,0.0544387,0.766362
1124,0.0635457,0.766499
1125,0.0457393,0.766632
1126,0.0474708,0.766755
1127,0.0527197,0.766895
1128,0.0538957,0.767015
1129,0.0608442,0.767142
1130,0.0577257,0.76726
1131,0.0544519,0.767392
1132,0.0547466,0.767512
1133,0.0533001,0.767637
1134,0.0492579,0.767773
1135,0.0497468,0.767899
1136,0.0500231,0.76803
1137,0.0447181,0.768177
1138,0.0648362,0.768299
1139,0.0605559,0.768435
1140,0.0615992,0.768569
1141,0.0558615,0.768692
1142,0.0459938,0.768821
1143,0.0473306,0.768941
1144,0.0376054,0.769059
1145,0.0570008,0.769168
1146,0.0531589,0.76918
1147,0.0560682,0.769295
1148,0.0670758,0.769425
1149,0.0760927,0.76955
1150,0.0574028,0.769685
1151,0.0706636,0.769804
1152,0.0584487,0.769928
1153,0.0921428,0.770037
1154,0.0718762,0.770163
1155,0.0594468,0.770287
1156,0.068174,0.770392
1157,0.0826326,0.770495
1158,0.066887,0.7706
1159,0.0935051,0.770699
1160,0.0747531,0.770822
1161,0.062974,0.770945
1162,0.0846381,0.771054
1163,0.070661,0.771179
1164,0.0692077,0.771308
1165,0.0982949,0.771407
1166,0.0663913,0.771528
1167,0.0615442,0.771634
1168,0.107544,0.771731
1169,0.066792,0.771836
1170,0.061439,0.771941
1171,0.052298,0.77206
1172,0.0621644,0.772184
1173,0.0604174,0.772304
1174,0.0593787,0.77243
1175,0.0597297,0.772574
1176,0.0668813,0.77269
1177,0.0405023,0.772805
1178,0.0453189,0.772909
1179,0.0447812,0.773022
1180,0.0625995,0.773132
1181,0.0572298,0.773244
1182,0.05788,0.773359
1183,0.0608412,0.77338
1184,0.0386089,0.773498
1185,0.0514228,0.773619
1186,0.059533,0.773748
1187,0.0714499,0.77386
1188,0.0604464,0.773977
1189,0.0481213,0.774087
1190,0.0718627,0.774194
1191,0.0602292,0.774309
1192,0.0682316,0.774441
1193,0.0479377,0.774566
1194,0.0511491,0.774691
1195,0.0466206,0.774806
1196,0.0670754,0.774932
1197,0.0454646,0.775048
1198,0.0681394,0.775156
1199,0.0539443,0.775256
1200,0.0627319,0.775367
1201,0.0643505,0.775478
1202,0.051705,0.775587
1203,0.0551754,0.7757
1204,0.0613101,0.775803
1205,0.048234,0.775916
1206,0.047909,0.776041
1207,0.0445375,0.776155
1208,0.0511385,0.776257
1209,0.0421389,0.77639
1210,0.05647,0.776509
1211,0.0463036,0.776626
1212,0.0716912,0.776744
1213,0.0546995,0.776863
1214,0.0500295,0.776976
1215,0.050478,0.777084
1216,0.0525742,0.777194
1217,0.0576078,0.777321
1218,0.0533907,0.777431
1219,0.0662243,0.777554
1220,0.0257794,0.777566
1221,0.0500033,0.777679
1222,0.0642745,0.777786
1223,0.0379613,0.777904
1224,0.0510068,0.778018
1225,0.0466678,0.778139
1226,0.0460065,0.778245
1227,0.042765,0.778341
1228,0.0645131,0.778456
1229,0.0504504,0.778556
1230,0.0330149,0.778684
1231,0.0532165,0.7788
1232,0.0625939,0.778933
1233,0.0506724,0.779062
1234,0.0615171,0.779174
1235,0.0463507,0.779281
1236,0.052923,0.779391
1237,0.0456501,0.779508
1238,0.0460501,0.779618
1239,0.0516255,0.779736
1240,0.0535781,0.779854
1241,0.0559042,0.779978
1242,0.0507116,0.780089
1243,0.0375058,0.780185
1244,0.0470235,0.780298
1245,0.0466378,0.780401
1246,0.0340201,0.780516
1247,0.0499236,0.780623
1248,0.0532692,0.780742
1249,0.0517928,0.780859
1250,0.0453742,0.780975
1251,0.0488331,0.781089
1252,0.052739,0.781199
1253,0.0464451,0.7813
1254,0.038713,0.781416
1255,0.0609889,0.781528
1256,0.0455955,0.781645
1257,0.0220068,0.781658
1258,0.0499196,0.781774
1259,0.0454801,0.781888
1260,0.046309,0.781991
1261,0.0527029,0.782108
1262,0.0357814,0.782213
1263,0.0368413,0.782339
1264,0.0458997,0.782448
1265,0.0443923,0.782561
1266,0.0430258,0.782676
1267,0.0406313,0.782778
1268,0.03512,0.782893
1269,0.0416915,0.783009
1270,0.0407848,0.783118
1271,0.0424128,0.783227
1272,0.0435509,0.783346
1273,0.0478506,0.783455
1274,0.0457823,0.783576
1275,0.0325073,0.783672
1276,0.0386172,0.783773
1277,0.0500614,0.783874
1278,0.0566786,0.78398
1279,0.0615321,0.784102
1280,0.0372083,0.784224
1281,0.0462947,0.784315
1282,0.0380553,0.784414
1283,0.043943,0.784518
1284,0.0518501,0.784617
1285,0.0508911,0.784739
1286,0.0501681,0.784841
1287,0.0536507,0.784948
1288,0.056912,0.785053
1289,0.0429762,0.785169
1290,0.0570366,0.785271
1291,0.0512929,0.785381
1292,0.048932,0.785493
1293,0.0471679,0.78561
1294,0.0334811,0.785623
1295,0.0416818,0.785736
1296,0.026919,0.78584
1297,0.0421672,0.785952
1298,0.0525309,0.786055
1299,0.0483877,0.786164
1300,0.0609486,0.786272
1301,0.054083,0.786392
1302,0.0448246,0.78651
1303,0.0467966,0.786613
1304,0.0500546,0.786718
1305,0.0502625,0.786819
1306,0.0341575,0.786917
1307,0.045804,0.787016
1308,0.0339149,0.787118
1309,0.0365292,0.78723
1310,0.0330555,0.787342
1311,0.0432864,0.787446
1312,0.053514,0.787548
1313,0.0374115,0.78766
1314,0.0430159,0.78777
1315,0.0347164,0.787868
1316,0.040963,0.78797
1317,0.0394687,0.788078
1318,0.0425296,0.78818
1319,0.0371765,0.78829
1320,0.0475967,0.788392
1321,0.0396428,0.788495
1322,0.0445231,0.788595
1323,0.0524979,0.788705
1324,0.0445579,0.788815
1325,0.0495611,0.788927
1326,0.0363162,0.789021
1327,0.053292,0.789126
1328,0.0387623,0.789218
1329,0.047792,0.789323
1330,0.0516691,0.789437
1331,0.05134,0.789447
1332,0.0437948,0.789557
1333,0.0345132,0.789653
1334,0.0439534,0.789741
1335,0.0475913,0.789853
1336,0.0428721,0.789963
1337,0.0499288,0.79008
1338,0.0408716,0.790185
1339,0.0390303,0.790285
1340,0.0435271,0.790396
1341,0.0425331,0.790507
1342,0.0571992,0.790604
1343,0.051605,0.790714
1344,0.0403521,0.790826
1345,0.0329395,0.790938
1346,0.0444187,0.791029
1347,0.0488098,0.791134
1348,0.0376848,0.791238
1349,0.0501051,0.791338
1350,0.0435207,0.791436
1351,0.0437755,0.791529
1352,0.0353907,0.791637
1353,0.0381289,0.791724
1354,0.0355023,0.791819
1355,0.052453,0.791922
1356,0.0366217,0.792037
1357,0.036927,0.792138
1358,0.0391066,0.792239
1359,0.0334093,0.792333
1360,0.0472001,0.792443
1361,0.0432504,0.792534
1362,0.0338973,0.792637
1363,0.0497369,0.792737
1364,0.045058,0.792826
1365,0.0467053,0.792942
1366,0.0401311,0.793027
1367,0.0375869,0.793117
1368,0.0431885,0.793129
1369,0.0360256,0.793238
1370,0.0401533,0.793324
1371,0.0394894,0.793433
1372,0.0443761,0.793531
1373,0.0459116,0.79364
1374,0.0343705,0.793729
1375,0.0472322,0.79383
1376,0.0461831,0.793927
1377,0.0399514,0.794025
1378,0.03284,0.794125
1379,0.0558877,0.794222
1380,0.0288906,0.794315
1381,0.0347022,0.79441
1382,0.0559829,0.794516
1383,0.0323941,0.794606
1384,0.0340864,0.794699
1385,0.0312966,0.794806
1386,0.0489607,0.794908
1387,0.0431816,0.795005
1388,0.0371927,0.795109
1389,0.0457869,0.795196
1390,0.0538583,0.795307
1391,0.0422489,0.795401
1392,0.0423218,0.795496
1393,0.0451559,0.795606
1394,0.0445773,0.795703
1395,0.0406813,0.795797
1396,0.0391809,0.795899
1397,0.0369813,0.795989
1398,0.0496549,0.796093
1399,0.0392249,0.796199
1400,0.0355444,0.796302
1401,0.0470587,0.796391
1402,0.0333297,0.796472
1403,0.0305393,0.79657
1404,0.0408368,0.796665
1405,0.0305458,0.796675
1406,0.0579964,0.796775
1407,0.0388829,0.796877
1408,0.0421755,0.79698
1409,0.0373142,0.79708
1410,0.032774,0.797178
1411,0.0330063,0.797274
1412,0.0325184,0.79735
1413,0.044113,0.797444
1414,0.0518432,0.79754
1415,0.0371453,0.797639
1416,0.049002,0.79773
1417,0.0422258,0.797821
1418,0.0382361,0.797925
1419,0.0415189,0.798025
1420,0.0320068,0.798112
1421,0.0388507,0.798198
1422,0.0346835,0.798285
1423,0.0403735,0.798381
1424,0.0354495,0.798478
1425,0.0462318,0.798585
1426,0.0446925,0.79867
1427,0.0470046,0.798788
1428,0.033542,0.798872
1429,0.0433696,0.798973
1430,0.0474888,0.799055
1431,0.0376886,0.799144
1432,0.0448396,0.799239
1433,0.0343523,0.799334
1434,0.0420799,0.799426
1435,0.029809,0.799523
1436,0.0351258,0.799625
1437,0.0313764,0.799708
1438,0.0324644,0.799803
1439,0.0484417,0.799899
1440,0.0543916,0.799986
1441,0.0382295,0.800072
1442,0.049828,0.800083
1443,0.0328512,0.800173
1444,0.0374318,0.800267
1445,0.0380997,0.800372
1446,0.0469764,0.800465
1447,0.0334884,0.800559
1448,0.0388381,0.800643
1449,0.0497166,0.800735
1450,0.0379232,0.800837
1451,0.0276613,0.800933
1452,0.0430103,0.801023
1453,0.046475,0.801113
1454,0.0423585,0.801207
1455,0.0288246,0.801286
1456,0.0402448,0.801386
1457,0.0341534,0.801487
1458,0.0506213,0.801585
1459,0.0313422,0.801679
1460,0.032881,0.801766
1461,0.048544,0.80185
1462,0.032263,0.801932
1463,0.0401498,0.80201
1464,0.0363187,0.802101
1465,0.0390142,0.802188
1466,0.0368351,0.802273
1467,0.0365447,0.80236
1468,0.0458718,0.802458
1469,0.0342796,0.802539
1470,0.0365567,0.802635
1471,0.0337717,0.802729
1472,0.0438104,0.802817
1473,0.0418661,0.802907
1474,0.0358029,0.803002
1475,0.0476628,0.803105
1476,0.0422819,0.803196
1477,0.031805,0.803283
1478,0.0298383,0.803361
1479,0.053034,0.803376
1480,0.0434563,0.803462
1481,0.0357735,0.803551
1482,0.0319403,0.803643
1483,0.0379729,0.80373
1484,0.0471574,0.803827
1485,0.0407799,0.803923
1486,0.031798,0.804007
1487,0.0335063,0.804091
1488,0.0333344,0.804189
1489,0.0409588,0.804275
1490,0.0381174,0.804357
1491,0.0297276,0.804456
1492,0.0351596,0.804541
1493,0.0423442,0.804618
1494,0.0379766,0.804707
1495,0.0376396,0.804784
1496,0.0331823,0.80487
1497,0.0368676,0.804957
1498,0.0348441,0.805044
1499,0.055523,0.805126
1500,0.0468326,0.805206
1501,0.0475833,0.80529
1502,0.0484761,0.805374
1503,0.0401553,0.805469
1504,0.0390017,0.805556
1505,0.0395653,0.80564
1506,0.0352152,0.805725
1507,0.0293902,0.805799
1508,0.0393042,0.805877
1509,0.0323133,0.805987
1510,0.0460676,0.806069
1511,0.0476173,0.806161
1512,0.0405386,0.80625
1513,0.0307223,0.80634
1514,0.0378596,0.80643
1515,0.0501839,0.806521
1516,0.0352626,0.806531
1517,0.0335597,0.806615
1518,0.0456845,0.806705
1519,0.0420768,0.806794
1520,0.0373219,0.806871
1521,0.0351517,0.806965
1522,0.027992,0.807048
1523,0.0439299,0.807137
1524,0.0376264,0.807229
1525,0.0507867,0.807303
1526,0.0291948,0.807396
1527,0.0412417,0.807492
1528,0.041444,0.807567
1529,0.0375591,0.807652
1530,0.0362887,0.807734
1531,0.0381303,0.807818
1532,0.0304812,0.807893
1533,0.0518096,0.807984
1534,0.0476068,0.80807
1535,0.0378012,0.808167
1536,0.0286741,0.808246
1537,0.0358324,0.808331
1538,0.0347618,0.808426
1539,0.0370601,0.808516
1540,0.0352769,0.808605
1541,0.0396954,0.808687
1542,0.0319262,0.808766
1543,0.0353981,0.808843
1544,0.0321985,0.808917
1545,0.0297345,0.809004
1546,0.0315358,0.809084
1547,0.0376716,0.809164
1548,0.0406455,0.809247
1549,0.0416848,0.809332
1550,0.0331163,0.809421
1551,0.0364454,0.809499
1552,0.0344471,0.809583
1553,0.0159314,0.809591
1554,0.0345379,0.809673
1555,0.0353738,0.809753
1556,0.0264061,0.809835
1557,0.0341441,0.809917
1558,0.0302535,0.809999
1559,0.0324633,0.810076
1560,0.029612,0.81016
1561,0.0470655,0.810244
1562,0.034924,0.810331
1563,0.0390837,0.810414
1564,0.0309489,0.810492
1565,0.0300178,0.810573
1566,0.0399291,0.810649
1567,0.0249243,0.810729
1568,0.0416805,0.810814
1569,0.0339924,0.810911
1570,0.0414423,0.810994
1571,0.0501961,0.811086
1572,0.0414321,0.811161
1573,0.03075,0.811237
1574,0.0351333,0.811318
1575,0.0324913,0.811389
1576,0.0360369,0.811471
1577,0.0305663,0.81154
1578,0.0325597,0.811624
1579,0.0361247,0.8117
1580,0.0317712,0.81178
1581,0.0325394,0.811869
1582,0.0350343,0.81195
1583,0.0401712,0.812033
1584,0.0379163,0.812119
1585,0.035609,0.8122
1586,0.0412295,0.812281
1587,0.0479554,0.812372
1588,0.0310236,0.812458
1589,0.0411206,0.812539
1590,0.0572845,0.812552
1591,0.0425751,0.81264
1592,0.0321714,0.81272
1593,0.0303382,0.812802
1594,0.0344598,0.812896
1595,0.0415952,0.812979
1596,0.0274385,0.813054
1597,0.0395242,0.813144
1598,0.0316113,0.813218
1599,0.0349862,0.813298
1600,0.0369969,0.81339
1601,0.0390195,0.813464
1602,0.0405426,0.813536
1603,0.0416309,0.81361
1604,0.0373159,0.813686
1605,0.0231964,0.813763
1606,0.0419505,0.813844
1607,0.0469426,0.813921
1608,0.0352919,0.813992
1609,0.0513352,0.814072
1610,0.031603,0.814141
1611,0.03898,0.814236
1612,0.034643,0.814316
1613,0.0343021,0.814388
1614,0.0273683,0.814458
1615,0.0281481,0.814531
1616,0.0338165,0.814611
1617,0.0285324,0.814688
1618,0.0452662,0.814772
1619,0.0369899,0.814847
1620,0.0355666,0.814937
1621,0.0398757,0.815005
1622,0.0440175,0.815081
1623,0.0258971,0.815147
1624,0.0410474,0.815228
1625,0.0358165,0.815306
1626,0.0366953,0.815384
1627,0.0173102,0.815394
1628,0.0387304,0.815467
1629,0.0321773,0.815543
1630,0.0313952,0.815618
1631,0.0373384,0.815691
1632,0.0337244,0.815772
1633,0.0395767,0.815845
1634,0.0349336,0.815932
1635,0.038693,0.816007
1636,0.0395763,0.816081
1637,0.0282536,0.816162
1638,0.0370642,0.81624
1639,0.0248665,0.816314
1640,0.034584,0.816386
1641,0.0458893,0.816476
1642,0.040068,0.816555
1643,0.039727,0.81663
1644,0.0391115,0.816724
1645,0.0345387,0.816802
1646,0.0323441,0.81687
1647,0.0350327,0.816944
1648,0.0285795,0.817012
1649,0.0329685,0.817091
1650,0.0441017,0.817167
1651,0.0235986,0.817244
1652,0.0397807,0.817332
1653,0.0358691,0.817404
1654,0.0279012,0.817479
1655,0.0323412,0.817542
1656,0.0383235,0.817627
1657,0.0315036,0.817703
1658,0.0309234,0.817768
1659,0.0337064,0.81784
1660,0.0346485,0.817917
1661,0.0315353,0.817991
1662,0.0284405,0.818059
1663,0.037429,0.818138
1664,0.0194558,0.81815
1665,0.0236472,0.818224
1666,0.0371173,0.818295
1667,0.0338896,0.818361
1668,0.0286209,0.818433
1669,0.0472211,0.818522
1670,0.0320385,0.818603
1671,0.0371675,0.818676
1672,0.030366,0.818741
1673,0.0372265,0.818829
1674,0.0273194,0.818917
1675,0.0289486,0.818992
1676,0.0302043,0.819072
1677,0.0325358,0.819146
1678,0.0335645,0.81922
1679,0.040035,0.819288
1680,0.0410443,0.819367
1681,0.0323664,0.819444
1682,0.0367096,0.819512
1683,0.0327864,0.81958
1684,0.0327877,0.81966
1685,0.0339215,0.819734
1686,0.0286867,0.819813
1687,0.0327986,0.819882
1688,0.0319459,0.819954
1689,0.0333248,0.820018
1690,0.0371176,0.820102
1691,0.0315729,0.820177
1692,0.0262071,0.820248
1693,0.0327259,0.82032
1694,0.0297624,0.820393
1695,0.0305943,0.82046
1696,0.0293929,0.820525
1697,0.0297476,0.820596
1698,0.045947,0.820671
1699,0.0342266,0.820742
1700,0.0370482,0.820817
1701,0.0476684,0.820829
1702,0.0308112,0.820906
1703,0.0300863,0.820977
1704,0.0359641,0.821051
1705,0.0294338,0.821127
1706,0.0269268,0.821197
1707,0.0370065,0.821273
1708,0.038023,0.821351
1709,0.0345333,0.821414
1710,0.0308978,0.821484
1711,0.0368541,0.821555
1712,0.0298905,0.821618
1713,0.0359813,0.821693
1714,0.0323955,0.821765
1715,0.0362438,0.821832
1716,0.0374228,0.82191
1717,0.0326677,0.821981
1718,0.0229454,0.822043
1719,0.0375795,0.822117
1720,0.037812,0.822201
1721,0.0329003,0.822276
1722,0.0375693,0.822344
1723,0.0386096,0.822409
1724,0.0464122,0.822484
1725,0.0305435,0.822565
1726,0.0356703,0.822639
1727,0.0258717,0.822713
1728,0.0290381,0.822778
1729,0.032259,0.822837
1730,0.0360689,0.822914
1731,0.0311025,0.822978
1732,0.0275126,0.823045
1733,0.0266107,0.823117
1734,0.0376068,0.82319
1735,0.0250544,0.823264
1736,0.0354847,0.823333
1737,0.0361497,0.823403
1738,0.0155663,0.823411
1739,0.0266513,0.823477
1740,0.0364898,0.823552
1741,0.0282605,0.823623
1742,0.0250239,0.823693
1743,0.0316347,0.823764
1744,0.0366594,0.823835
1745,0.0282104,0.823903
1746,0.0312064,0.823965
1747,0.0376085,0.824044
1748,0.0402267,0.824114
1749,0.0274222,0.824183
1750,0.0306457,0.824271
1751,0.0338736,0.824341
1752,0.0290027,0.824418
1753,0.0312118,0.824489
1754,0.0375684,0.824568
1755,0.0375797,0.824644
1756,0.0233702,0.824712
1757,0.0376814,0.824782
1758,0.0352437,0.824844
1759,0.0271017,0.824904
1760,0.033601,0.824973
1761,0.0247987,0.82504
1762,0.0318103,0.825116
1763,0.0330374,0.825178
1764,0.0195702,0.825248
1765,0.0385998,0.825312
1766,0.0278492,0.825382
1767,0.0386651,0.82545
1768,0.0388767,0.825525
1769,0.0366307,0.82559
1770,0.0392902,0.825664
1771,0.0300495,0.825733
1772,0.0270916,0.825804
1773,0.0216219,0.825862
1774,0.0281655,0.825921
1775,0.0175679,0.825928
1776,0.0264697,0.826007
1777,0.0346807,0.826079
1778,0.0357736,0.826156
1779,0.0274309,0.82622
1780,0.0349049,0.826277
1781,0.0276376,0.82635
1782,0.0360755,0.826415
1783,0.0337312,0.826487
1784,0.0257464,0.826553
1785,0.0344874,0.826617
1786,0.0353043,0.826682
1787,0.0349543,0.826746
1788,0.0347799,0.826812
1789,0.0308935,0.826883
1790,0.0326031,0.82695
1791,0.0285376,0.827014
1792,0.0437795,0.827078
1793,0.0387813,0.827146
1794,0.0507827,0.827208
1795,0.0341378,0.827277
1796,0.0369123,0.827347
1797,0.0316424,0.827417
1798,0.0300481,0.827482
1799,0.0343576,0.827541
1800,0.0281032,0.8276
1801,0.0343654,0.827665
1802,0.0320425,0.827727
1803,0.0300997,0.827798
1804,0.0259638,0.827867
1805,0.0321434,0.827936
1806,0.0227659,0.827999
1807,0.0290956,0.828064
1808,0.0219979,0.828128
1809,0.0280674,0.828193
1810,0.0395801,0.828264
1811,0.0343755,0.828333
1812,0.0201323,0.82834
1813,0.0343235,0.8284
1814,0.0384863,0.828471
1815,0.0286295,0.828545
1816,0.0308624,0.828604
1817,0.0239656,0.828673
1818,0.0315218,0.828734
1819,0.0311693,0.828798
1820,0.0415223,0.828873
1821,0.0322308,0.828935
1822,0.035801,0.829001
1823,0.0337633,0.829069
1824,0.0289454,0.829134
1825,0.0276724,0.829192
1826,0.0357587,0.829251
1827,0.0315157,0.829317
1828,0.0324913,0.829372
1829,0.0224884,0.829437
1830,0.0367984,0.829507
1831,0.0494413,0.829576
1832,0.0358086,0.829639
1833,0.0287586,0.829691
1834,0.028726,0.829753
1835,0.0237543,0.829819
1836,0.031334,0.829884
1837,0.040656,0.829947
1838,0.0271894,0.830013
1839,0.0269626,0.830086
1840,0.0363302,0.830154
1841,0.0266705,0.830208
1842,0.030588,0.830271
1843,0.0244806,0.83034
1844,0.0315813,0.830402
1845,0.0352865,0.83047
1846,0.0310793,0.830541
1847,0.0283091,0.830611
1848,0.0299013,0.830675
1849,0.0364625,0.830681
1850,0.0245032,0.830742
1851,0.0249543,0.830813
1852,0.0272777,0.83088
1853,0.0326329,0.830943
1854,0.0301777,0.831003
1855,0.0362545,0.831075
1856,0.0276229,0.831133
1857,0.0222769,0.831197
1858,0.0341759,0.831267
1859,0.0350764,0.831333
1860,0.0345278,0.831396
1861,0.0265825,0.83146
1862,0.0348116,0.831515
1863,0.0259061,0.831575
1864,0.043575,0.831642
1865,0.0380269,0.831702
1866,0.033234,0.831772
1867,0.0367879,0.831841
1868,0.0260068,0.831902
1869,0.0292238,0.831964
1870,0.0303668,0.832024
1871,0.0353152,0.832086
1872,0.0363373,0.832148
1873,0.0434659,0.832215
1874,0.0337708,0.832268
1875,0.0227543,0.83233
1876,0.0269108,0.832389
1877,0.0351188,0.832458
1878,0.0318253,0.832524
1879,0.027139,0.832589
1880,0.0350635,0.832646
1881,0.029453,0.832706
1882,0.030064,0.832767
1883,0.0262013,0.832826
1884,0.0318314,0.832887
1885,0.0311676,0.832944
1886,0.0168856,0.83295
1887,0.0335454,0.833015
1888,0.0330447,0.833073
1889,0.028731,0.833132
1890,0.0281596,0.833191
1891,0.0312749,0.833255
1892,0.0278044,0.833317
1893,0.0312623,0.833386
1894,0.0281833,0.833453
1895,0.0258379,0.833517
1896,0.0233481,0.833575
1897,0.0327389,0.833636
1898,0.0346921,0.833705
1899,0.0373021,0.83377
1900,0.031486,0.833836
1901,0.0274041,0.833889
1902,0.0233696,0.833942
1903,0.0306917,0.834006
1904,0.0261735,0.834062
1905,0.0302262,0.834127
1906,0.0295307,0.834194
1907,0.0280046,0.834258
1908,0.027445,0.834313
1909,0.0278767,0.834372
1910,0.0322824,0.834427
1911,0.0328629,0.834497
1912,0.0292284,0.834559
1913,0.0225081,0.834616
1914,0.0404098,0.834683
1915,0.0227247,0.834741
1916,0.0362884,0.834802
1917,0.0223162,0.834862
1918,0.0229818,0.834918
1919,0.0276329,0.834983
1920,0.0294352,0.835045
1921,0.0302665,0.835106
1922,0.0351415,0.835163
1923,0.0144292,0.835171
1924,0.0207213,0.835223
1925,0.0295178,0.835288
1926,0.0380302,0.835353
1927,0.0280496,0.835419
1928,0.0350567,0.835471
1929,0.0290841,0.835532
1930,0.0307109,0.835598
1931,0.0318683,0.835662
1932,0.0287842,0.835727
1933,0.0247283,0.835779
1934,0.0266536,0.835837
1935,0.0261071,0.835888
1936,0.0323551,0.835952
1937,0.0293402,0.836013
1938,0.0347638,0.836073
1939,0.0297687,0.836135
1940,0.0281685,0.836199
1941,0.0241107,0.83625
1942,0.0244938,0.836309
1943,0.0269484,0.836363
1944,0.0290475,0.83642
1945,0.0307861,0.836484
1946,0.0279425,0.83654
1947,0.0279446,0.836594
1948,0.0284009,0.836658
1949,0.0322535,0.836718
1950,0.025963,0.836783
1951,0.0265836,0.836835
1952,0.0255119,0.836901
1953,0.0335657,0.836963
1954,0.0256454,0.837021
1955,0.0307256,0.83708
1956,0.021787,0.837137
1957,0.0317969,0.837197
1958,0.0263898,0.837265
1959,0.0234556,0.837325
1960,0.0259287,0.837332
1961,0.0286046,0.837393
1962,0.0334447,0.837448
1963,0.0282832,0.837514
1964,0.0293134,0.837577
1965,0.0242824,0.837638
1966,0.0254304,0.837705
1967,0.0298936,0.837756
1968,0.0319378,0.837815
1969,0.02769,0.837864
1970,0.0401427,0.83792
1971,0.0271389,0.837986
1972,0.0232981,0.838044
1973,0.0264035,0.838098
1974,0.0264311,0.838152
1975,0.0288344,0.838214
1976,0.0236649,0.838269
1977,0.0268203,0.838324
1978,0.0374098,0.838382
1979,0.0299771,0.838446
1980,0.0261086,0.838507
1981,0.0237531,0.838566
1982,0.0230581,0.838632
1983,0.0269824,0.838686
1984,0.0306798,0.838745
1985,0.0296907,0.838798
1986,0.0253941,0.83885
1987,0.0250729,0.838904
1988,0.0274229,0.838961
1989,0.0289942,0.839019
1990,0.0320109,0.839075
1991,0.0316699,0.839128
1992,0.035827,0.839188
1993,0.0242087,0.83925
1994,0.0242915,0.839312
1995,0.0318862,0.839365
1996,0.0226364,0.83942
1997,0.0504825,0.83943
1998,0.0286582,0.839486
1999,0.0356502,0.839538
2000,0.0296446,0.839597
2001,0.0304193,0.839648
2002,0.0282391,0.839706
2003,0.0301108,0.839757
2004,0.028236,0.839816
2005,0.025077,0.839877
2006,0.024495,0.839932
2007,0.0308977,0.839995
2008,0.0210318,0.840055
2009,0.0286034,0.840118
2010,0.0249625,0.840169
2011,0.0289016,0.840222
2012,0.0227928,0.840281
2013,0.0212029,0.840325
2014,0.030964,0.840379
2015,0.0294585,0.840436
2016,0.0316163,0.840492
2017,0.0235682,0.840552
2018,0.0322554,0.840604
2019,0.0223283,0.84066
2020,0.0289454,0.84072
2021,0.0307234,0.840779
2022,0.0300633,0.84084
2023,0.0300632,0.840907
2024,0.0218153,0.840964
2025,0.0251162,0.841017
2026,0.0290444,0.841065
2027,0.0269791,0.841121
2028,0.0344701,0.841181
2029,0.022162,0.841238
2030,0.0240684,0.841291
2031,0.0352565,0.841351
2032,0.0336038,0.841399
2033,0.0280526,0.841455
2034,0.0388609,0.841463
2035,0.0330444,0.841523
2036,0.0221281,0.841573
2037,0.0191904,0.841632
2038,0.021945,0.841686
2039,0.0303644,0.841733
2040,0.0298174,0.84179
2041,0.0276379,0.841841
2042,0.0323533,0.841902
2043,0.0257484,0.841965
2044,0.0274983,0.84202
2045,0.0362658,0.84207
2046,0.0268198,0.842123
2047,0.0250989,0.842171
2048,0.0328601,0.842224
2049,0.0317877,0.842275
2050,0.0312207,0.842336
2051,0.030726,0.842392
2052,0.0303445,0.842455
2053,0.0235565,0.842507
2054,0.0234993,0.842556
2055,0.033796,0.842611
2056,0.0300551,0.842676
2057,0.0218194,0.842726
2058,0.024642,0.842783
2059,0.0226102,0.842836
2060,0.022831,0.842891
2061,0.0308413,0.842942
2062,0.0262808,0.842994
2063,0.0253714,0.843045
2064,0.0359479,0.843107
2065,0.019207,0.843162
2066,0.0283231,0.843225
2067,0.0268253,0.843274
2068,0.026659,0.843324
2069,0.0281508,0.84337
2070,0.0256109,0.843432
2071,0.0215003,0.843441
2072,0.0293029,0.84349
2073,0.0203788,0.843537
2074,0.0249661,0.843593
2075,0.0174135,0.843645
2076,0.0205243,0.843698
2077,0.0241809,0.843754
2078,0.0327459,0.843814
2079,0.0236997,0.843866
2080,0.0358841,0.84392
2081,0.0237236,0.84397
2082,0.0232418,0.844021
2083,0.024555,0.844074
2084,0.029298,0.844126
2085,0.0259816,0.844187
2086,0.0297453,0.844245
2087,0.0252443,0.844296
2088,0.0337076,0.844354
2089,0.0246067,0.844409
2090,0.0382801,0.844466
2091,0.0278056,0.844512
2092,0.0250624,0.844569
2093,0.0295291,0.844624
2094,0.0290954,0.844682
2095,0.0237679,0.844738
2096,0.0272547,0.844792
2097,0.0258831,0.844843
2098,0.0208511,0.844899
2099,0.0254676,0.844952
2100,0.0247078,0.845009
2101,0.030664,0.845058
2102,0.0264903,0.845112
2103,0.0300162,0.845158
2104,0.0259251,0.845203
2105,0.0257549,0.845252
2106,0.0232692,0.845307
2107,0.0288322,0.845363
2108,0.0278021,0.84537
2109,0.0182845,0.845422
2110,0.0268656,0.845471
2111,0.0284244,0.845524
2112,0.0219221,0.845584
2113,0.0308653,0.845636
2114,0.0297883,0.845683
2115,0.0283404,0.84574
2116,0.0278448,0.845796
2117,0.0244384,0.845849
2118,0.0261398,0.8459
2119,0.021602,0.845949
2120,0.0238343,0.846009
2121,0.030294,0.846059
2122,0.0285296,0.846115
2123,0.0217787,0.846158
2124,0.0266141,0.846205
2125,0.0303275,0.846255
2126,0.0227335,0.846304
2127,0.0399296,0.84636
2128,0.0347419,0.846415
2129,0.0279936,0.846464
2130,0.0238665,0.846505
2131,0.0248931,0.846558
2132,0.0275467,0.846606
2133,0.0212831,0.846652
2134,0.0296098,0.846702
2135,0.018073,0.846759
2136,0.0216084,0.84681
2137,0.0280888,0.846865
2138,0.0276151,0.846923
2139,0.0256458,0.846979
2140,0.0364342,0.847038
2141,0.0315597,0.847093
2142,0.0306953,0.847141
2143,0.0225401,0.84719
2144,0.0243707,0.847236
2145,0.0127107,0.847241
2146,0.0300698,0.847292
2147,0.0231326,0.847351
2148,0.0232408,0.847397
2149,0.0327367,0.847456
2150,0.0262721,0.847508
2151,0.0228327,0.847554
2152,0.0197128,0.847604
2153,0.026449,0.847656
2154,0.0277433,0.847704
2155,0.0256851,0.847751
2156,0.023669,0.847799
2157,0.0248353,0.847853
2158,0.0266392,0.84791
2159,0.0238001,0.847956
2160,0.0259409,0.848
2161,0.0281744,0.848049
2162,0.026195,0.848103
2163,0.0207895,0.848149
2164,0.0319601,0.848195
2165,0.0255388,0.848246
2166,0.0233253,0.848291
2167,0.0274406,0.848344
2168,0.0247554,0.848392
2169,0.032476,0.848447
2170,0.0298349,0.8485
2171,0.0265905,0.848553
2172,0.030681,0.848601
2173,0.031647,0.848648
2174,0.0194292,0.848702
2175,0.0256854,0.848751
2176,0.0255251,0.848792
2177,0.0300776,0.848846
2178,0.0262426,0.8489
2179,0.0247751,0.848951
2180,0.0348517,0.848999
2181,0.0226185,0.849058
2182,0.0119205,0.849063
2183,0.0315285,0.84911
2184,0.0200706,0.849154
2185,0.0237274,0.849198
2186,0.0289386,0.84924
2187,0.0303483,0.849296
2188,0.0239757,0.849347
2189,0.0318092,0.849398
2190,0.0292779,0.849451
2191,0.0301058,0.849503
2192,0.0261504,0.849551
2193,0.0308804,0.849598
2194,0.0359952,0.849648
2195,0.0249993,0.849695
2196,0.0267578,0.849746
2197,0.0275575,0.849787
2198,0.0292725,0.849835
2199,0.0299023,0.849882
2200,0.0249974,0.849936
2201,0.0259302,0.849985
2202,0.0238984,0.850027
2203,0.02993,0.850083
2204,0.0229093,0.850126
2205,0.0222019,0.850178
2206,0.0197043,0.850225
2207,0.0220865,0.850276
2208,0.0284897,0.850327
2209,0.0231413,0.85038
2210,0.0286981,0.850433
2211,0.0308764,0.850479
2212,0.0346171,0.850525
2213,0.0263949,0.850577
2214,0.0292685,0.850624
2215,0.0637483,0.85067
2216,0.0449028,0.850675
2217,0.10935,0.850711
2218,0.0736573,0.850741
2219,0.0760869,0.850745
